      0/99     1.39G   0.08363   0.02784   0.03542    0.1469        27       416    0.3372   0.07812   0.00238 0.0004434   0.05833   0.01549   0.03112
      1/99     1.38G   0.07807   0.02796   0.03323    0.1393        28       416  0.004928    0.3141  0.004014 0.0005897   0.06278    0.0125   0.03043
      2/99     1.38G   0.07264   0.02896   0.03236    0.1339        27       416     0.376    0.2126   0.03871  0.006373   0.05201   0.01528   0.02897
      3/99     1.38G   0.06531   0.03109   0.03201    0.1284        27       416    0.3677    0.1388   0.02952  0.006034   0.05347   0.01354   0.02845
      4/99     1.38G   0.06125   0.02993   0.03159    0.1228        27       416    0.1664    0.3317    0.1758    0.0378   0.04929   0.01421   0.02772
      5/99     1.38G   0.05998   0.02835   0.03018    0.1185        27       416    0.1933     0.156    0.1291   0.04202   0.05601   0.01266   0.02904
      6/99     1.38G   0.05891   0.02831   0.02989    0.1171        29       416   0.05891    0.4436    0.0566   0.01159   0.05508   0.01404   0.03574
      7/99     1.38G   0.05773   0.02738   0.02911    0.1142        19       416    0.2477    0.2558    0.1868   0.06864   0.05942   0.01272   0.02716
      8/99     1.38G   0.05606   0.02708    0.0284    0.1115        16       416    0.3275    0.4523    0.3033    0.1112   0.04826   0.01283   0.02458
      9/99     1.38G    0.0546   0.02665   0.02822    0.1095        23       416      0.12    0.2921    0.1579   0.03072   0.05961    0.0124   0.02465
     10/99     1.38G   0.05333   0.02523   0.02745     0.106        30       416    0.3238     0.291    0.2325   0.05361   0.05191   0.01205   0.01932
     11/99     1.38G    0.0537   0.02558   0.02455    0.1038        18       416    0.4643    0.5331    0.4596    0.1806   0.04638   0.01121   0.01544
     12/99     1.38G   0.05281   0.02515   0.02317    0.1011        28       416    0.3067    0.3952    0.3072      0.13    0.0538   0.01211   0.02296
     13/99     1.38G   0.05134   0.02491   0.02197   0.09822        31       416    0.1859    0.2948    0.1346   0.03106   0.07055   0.01051   0.02383
     14/99     1.38G   0.05107   0.02474   0.02163   0.09745        21       416    0.5766    0.5771    0.5664     0.232   0.04247   0.01104    0.0109
     15/99     1.38G   0.04971   0.02435   0.02058   0.09465        28       416    0.6184    0.6156    0.6155    0.2145    0.0425   0.01077  0.009281
     16/99     1.38G   0.04978   0.02413   0.01978    0.0937        26       416    0.6453    0.6623    0.6605     0.269   0.04327   0.01068    0.0113
     17/99     1.38G   0.04866   0.02399   0.01929   0.09194        23       416    0.6288    0.5606    0.5855    0.2174   0.04014    0.0109   0.01634
     18/99     1.38G   0.04801   0.02365   0.01861   0.09027        20       416    0.7153    0.6489    0.6706    0.2758   0.04018    0.0106    0.0101
     19/99     1.38G   0.04697   0.02378   0.01935   0.09011        28       416     0.512    0.6791    0.5958    0.2425   0.04057   0.01139  0.008333
     20/99     1.38G    0.0468   0.02337   0.01743    0.0876        37       416    0.7082    0.6423    0.6461    0.2669   0.03865   0.01058  0.008042
     21/99     1.38G   0.04702   0.02323   0.01635   0.08661        22       416    0.6201    0.5764    0.5808    0.2461   0.04851    0.0105   0.01041
     22/99     1.38G   0.04671   0.02305   0.01715   0.08691        24       416    0.5635    0.6507    0.5321    0.1818   0.04736   0.01056  0.008215
     23/99     1.38G   0.04574   0.02302   0.01563   0.08438        17       416    0.5402    0.6053    0.5341    0.2327   0.04727   0.01126   0.01001
     24/99     1.38G   0.04509   0.02272   0.01613   0.08395        19       416     0.777    0.7087    0.7594    0.3324   0.03967  0.009768  0.006233
     25/99     1.38G    0.0456   0.02301    0.0151    0.0837        27       416    0.8101    0.7302    0.7597    0.3424   0.03657  0.009811    0.0075
     26/99     1.38G   0.04452   0.02289   0.01394   0.08135        30       416    0.7434    0.7334    0.7469    0.3499   0.03842  0.009491  0.005332
     27/99     1.38G   0.04412   0.02236   0.01394   0.08042        30       416    0.7165    0.7629    0.7201    0.3317   0.03938  0.009946  0.009828
     28/99     1.38G   0.04406    0.0223   0.01414    0.0805        19       416    0.7206    0.7216    0.7399    0.3534   0.04059  0.009416   0.00685
     29/99     1.38G   0.04383   0.02265   0.01424   0.08071        20       416    0.7214    0.8183    0.7729    0.3589   0.03718  0.009527  0.003837
     30/99     1.38G   0.04262   0.02277   0.01391    0.0793        23       416    0.7385    0.7584    0.7195    0.3364   0.04029   0.01036  0.006064
     31/99     1.38G    0.0431   0.02202   0.01413   0.07925        18       416    0.6082     0.482    0.4919    0.1591   0.05543   0.01064  0.007961
     32/99     1.38G   0.04267   0.02182   0.01297   0.07747        24       416    0.7894    0.7612    0.7818     0.363   0.03789  0.009227  0.004704
     33/99     1.38G   0.04206   0.02202   0.01281   0.07689        27       416    0.7266    0.6443    0.6757    0.3188   0.04142   0.01087  0.006752
     34/99     1.38G   0.04191   0.02172   0.01278    0.0764        26       416    0.7736    0.7853    0.8457     0.428   0.03584  0.009216  0.003782
     35/99     1.38G   0.04171   0.02157   0.01217   0.07545        28       416    0.8736    0.8055    0.8593     0.423   0.03282  0.009082  0.003469
     36/99     1.38G   0.04103   0.02166   0.01201   0.07469        31       416    0.8481    0.8323    0.8862    0.4735   0.03153  0.008961  0.003042
     37/99     1.38G   0.04105   0.02121   0.01149   0.07375        21       416    0.8222    0.7962    0.8559     0.456   0.03204  0.009151  0.002668
     38/99     1.38G   0.04096   0.02155   0.01146   0.07397        19       416    0.9193    0.8235    0.8841    0.4409   0.03295  0.009045  0.002045
     39/99     1.38G   0.04033   0.02096   0.01105   0.07234        33       416    0.8495    0.7728    0.8115    0.4084    0.0315  0.009648  0.008181
     40/99     1.38G   0.04098   0.02129   0.01215   0.07442        25       416    0.8832    0.8169    0.8779     0.467   0.03355  0.008842  0.002657
     41/99     1.38G   0.03962   0.02148   0.01053   0.07163        29       416    0.8369    0.7838    0.8372    0.4274   0.03577  0.008891  0.004431
     42/99     1.38G   0.04004    0.0207   0.01056   0.07129        40       416    0.7729    0.8389    0.8316    0.3882   0.03371  0.009358  0.003843
     43/99     1.38G   0.03915   0.02112   0.01048   0.07074        21       416    0.8823    0.8923    0.9049    0.4632   0.03252  0.008546  0.001714
     44/99     1.38G   0.03875   0.02087  0.009928   0.06955        20       416    0.7679    0.7242    0.7454    0.3745   0.04972  0.009095  0.003396
     45/99     1.38G   0.03871   0.02059   0.01046   0.06976        20       416    0.7733      0.86    0.8579    0.4302   0.03086  0.009086  0.005378
     46/99     1.38G   0.03878   0.02059   0.01028   0.06965        30       416    0.8904     0.892    0.9296     0.523    0.0281   0.00831  0.001909
     47/99     1.38G   0.03876   0.02062    0.0103   0.06968        33       416     0.816    0.8542    0.8646     0.454   0.03327  0.008567  0.002187
     48/99     1.38G   0.03747   0.02052  0.009209    0.0672        25       416    0.9106    0.8997    0.9449    0.5501   0.02752  0.008076  0.001454
     49/99     1.38G   0.03744   0.02031  0.009466   0.06721        19       416    0.8988    0.8797    0.9116    0.5059   0.02963  0.008601  0.001364
     50/99     1.38G   0.03724   0.02021  0.009736   0.06719        21       416    0.9132      0.93    0.9523    0.5749    0.0272  0.007978  0.001258
     51/99     1.38G   0.03729    0.0201  0.008651   0.06604        25       416     0.902     0.895     0.944    0.5261   0.03105  0.008028   0.00114
     52/99     1.38G   0.03692    0.0198  0.009371   0.06609        24       416    0.9031    0.8934    0.9413    0.5342    0.0296  0.008216  0.001182
     53/99     1.38G   0.03667   0.01947  0.008906   0.06505        18       416    0.9016    0.9171    0.9507    0.5643   0.02667  0.007865  0.001597
     54/99     1.38G   0.03655   0.01992   0.00854   0.06501        24       416    0.9139     0.938    0.9396    0.5598    0.0262  0.007754 0.0006834
     55/99     1.38G    0.0359    0.0196  0.008418   0.06392        31       416    0.8697     0.958    0.9443    0.5904   0.02531  0.007632  0.001303
     56/99     1.38G   0.03635   0.01949  0.008315   0.06415        32       416    0.8854    0.9149    0.9349    0.5508   0.02696  0.008309  0.004443
     57/99     1.38G   0.03589    0.0194  0.008445   0.06373        26       416    0.9367    0.9481     0.963    0.5866   0.02512   0.00744  0.002568
     58/99     1.38G   0.03536   0.01915  0.008116   0.06263        26       416    0.9301    0.9104    0.9669    0.5835    0.0248  0.007391 0.0008363
     59/99     1.38G   0.03463   0.01895    0.0078   0.06138        16       416    0.8827    0.9478    0.9524    0.5823   0.02545  0.007391  0.001235
     60/99     1.38G   0.03501   0.01899  0.008311   0.06231        34       416    0.9355    0.9319    0.9715    0.5919   0.02531  0.007289 0.0006666
     61/99     1.38G   0.03472   0.01896  0.008273   0.06195        25       416    0.9611    0.9421    0.9652      0.62   0.02557  0.006993   0.00285
     62/99     1.38G   0.03448   0.01892  0.007383   0.06078        19       416    0.9333    0.9657    0.9698    0.6241   0.02376   0.00699 0.0005109
     63/99     1.38G   0.03475   0.01888  0.007896   0.06153        25       416    0.9452    0.9322    0.9712    0.6234   0.02433  0.006989 0.0005003
     64/99     1.38G   0.03429   0.01902  0.008239   0.06156        26       416    0.9572    0.9351    0.9782    0.6183   0.02439  0.007071 0.0004176
     65/99     1.38G   0.03376   0.01875  0.007456   0.05997        30       416    0.9388    0.9486    0.9716    0.5656   0.02569  0.007045 0.0006735
     66/99     1.38G   0.03409   0.01851  0.007621   0.06022        21       416    0.9604    0.9729    0.9843    0.6624   0.02169  0.006682 0.0004971
     67/99     1.38G   0.03307   0.01842  0.007199   0.05868        25       416    0.9539    0.9551    0.9764    0.6605   0.02294  0.006806 0.0004703
     68/99     1.38G   0.03357   0.01833  0.007141   0.05905        22       416    0.9549    0.9728    0.9815    0.6609   0.02248  0.006532 0.0003948
     69/99     1.38G   0.03259   0.01841  0.007411   0.05841        31       416    0.9596    0.9712    0.9859    0.6648    0.0228  0.006541  0.000471
     70/99     1.38G   0.03301   0.01817  0.007318    0.0585        29       416    0.9182    0.9893    0.9859    0.6685   0.02192  0.006441 0.0005981
     71/99     1.38G    0.0331    0.0185  0.007564   0.05917        28       416    0.9707    0.9606    0.9815    0.6777   0.02148  0.006382 0.0003591
     72/99     1.38G   0.03274   0.01784  0.007432   0.05801        24       416    0.9607     0.964    0.9843    0.6443   0.02358  0.006475   0.00162
     73/99     1.38G   0.03235   0.01771  0.007579   0.05764        20       416    0.9573    0.9652    0.9831     0.689   0.02188  0.006224 0.0002913
     74/99     1.38G   0.03188    0.0178  0.007113   0.05679        31       416    0.9614    0.9675    0.9874    0.6931   0.02119  0.006127 0.0003003
     75/99     1.38G   0.03206    0.0176  0.006929   0.05659        25       416    0.9515    0.9736    0.9824    0.6942   0.02222  0.006374 0.0004731
     76/99     1.38G   0.03159   0.01748  0.006405   0.05548        25       416    0.9762    0.9564    0.9866    0.6987   0.02203   0.00654 0.0002947
     77/99     1.38G   0.03164   0.01775  0.006583   0.05598        35       416    0.9777    0.9617     0.979    0.6831   0.02288   0.00649  0.004333
     78/99     1.38G   0.03152   0.01765  0.006315   0.05549        32       416    0.9704    0.9604    0.9868    0.7056   0.02065  0.006197   0.00107
     79/99     1.38G    0.0316   0.01702  0.006363   0.05499        31       416    0.9801    0.9655     0.987    0.7145   0.02002     0.006 0.0002945
     80/99     1.38G   0.03106   0.01722   0.00614   0.05442        25       416    0.9558     0.945    0.9753    0.6786   0.02304   0.00666  0.002135
     81/99     1.38G   0.03083   0.01726  0.006391   0.05448        26       416    0.9705    0.9699    0.9852    0.7076   0.02095  0.006035 0.0003307
     82/99     1.38G   0.03072   0.01769  0.005971   0.05438        27       416     0.984    0.9782     0.991     0.732   0.01945  0.005732 0.0003002
     83/99     1.38G   0.03074   0.01703   0.00638   0.05415        31       416    0.9817    0.9656    0.9882    0.7086   0.02135  0.005906  0.001068
     84/99     1.38G   0.03022    0.0171   0.00596   0.05328        21       416    0.9823    0.9722    0.9898    0.7304   0.01932  0.005668 0.0003483
     85/99     1.38G    0.0303   0.01683  0.005741   0.05287        19       416    0.9713    0.9853    0.9922    0.7233   0.01922  0.005766 0.0002328
     86/99     1.38G   0.03005   0.01713  0.006352   0.05354        22       416    0.9746    0.9675    0.9903    0.7079   0.02012  0.005863 0.0001949
     87/99     1.38G    0.0302   0.01686  0.005953   0.05301        27       416     0.977    0.9655    0.9884    0.7056   0.02008  0.005653 0.0004121
     88/99     1.38G   0.03024   0.01645   0.00579   0.05249        21       416    0.9933    0.9735    0.9912    0.7433   0.01923  0.005571 0.0002615
     89/99     1.38G   0.03001   0.01667  0.005194   0.05187        27       416    0.9827    0.9736    0.9907    0.7643   0.01884  0.005457 0.0002203
     90/99     1.38G   0.02953   0.01609  0.005633   0.05125        28       416      0.97    0.9745    0.9912    0.7099   0.02082  0.005775 0.0002367
     91/99     1.38G   0.02954   0.01625  0.005695   0.05148        21       416    0.9841    0.9614    0.9857    0.7309   0.01983  0.005818 0.0001273
     92/99     1.38G   0.02933    0.0164  0.005603   0.05134        22       416     0.985    0.9857    0.9928    0.7533   0.01857  0.005438 0.0001856
     93/99     1.38G   0.02911   0.01652  0.005929   0.05156        21       416    0.9899    0.9669    0.9921    0.7474   0.01862  0.005433 0.0001709
     94/99     1.38G   0.02926   0.01681  0.005096   0.05116        23       416    0.9776    0.9766    0.9868    0.7435   0.01901  0.005784 0.0002428
     95/99     1.38G   0.02922   0.01633  0.005178   0.05073        25       416    0.9837    0.9782    0.9915    0.7581   0.01811  0.005363 0.0002447
     96/99     1.38G   0.02842   0.01626  0.005467   0.05015        27       416    0.9873    0.9853    0.9916    0.7595   0.01823  0.005174 0.0001961
     97/99     1.38G   0.02907   0.01626  0.005503   0.05083        31       416    0.9805    0.9829     0.991    0.7397   0.01873  0.005445 0.0002261
     98/99     1.38G   0.02926   0.01635  0.006195   0.05181        24       416    0.9803    0.9746    0.9844    0.7509   0.01887  0.005486 0.0008959
     99/99     1.38G   0.02831   0.01654  0.005611   0.05045        22       416    0.9783    0.9799    0.9889    0.7671   0.01784  0.005488 0.0003107
